{
 "cells": [
  {
   "cell_type": "code",
   "execution_count": 28,
   "id": "fa0477f1",
   "metadata": {},
   "outputs": [],
   "source": [
    "import pandas as pd\n",
    "import numpy as np\n",
    "from scipy import sparse\n",
    "from sklearn.metrics.pairwise import cosine_similarity"
   ]
  },
  {
   "cell_type": "code",
   "execution_count": 29,
   "id": "b90fc667",
   "metadata": {},
   "outputs": [],
   "source": [
    "ratings=pd.read_csv('toy.csv',index_col=0)\n",
    "ratings=ratings.fillna(0)"
   ]
  },
  {
   "cell_type": "code",
   "execution_count": 30,
   "id": "87511e3e",
   "metadata": {},
   "outputs": [
    {
     "data": {
      "text/html": [
       "<div>\n",
       "<style scoped>\n",
       "    .dataframe tbody tr th:only-of-type {\n",
       "        vertical-align: middle;\n",
       "    }\n",
       "\n",
       "    .dataframe tbody tr th {\n",
       "        vertical-align: top;\n",
       "    }\n",
       "\n",
       "    .dataframe thead th {\n",
       "        text-align: right;\n",
       "    }\n",
       "</style>\n",
       "<table border=\"1\" class=\"dataframe\">\n",
       "  <thead>\n",
       "    <tr style=\"text-align: right;\">\n",
       "      <th></th>\n",
       "      <th>action1</th>\n",
       "      <th>action2</th>\n",
       "      <th>action3</th>\n",
       "      <th>romantic1</th>\n",
       "      <th>romantic2</th>\n",
       "      <th>romantic3</th>\n",
       "    </tr>\n",
       "  </thead>\n",
       "  <tbody>\n",
       "    <tr>\n",
       "      <th>user 1</th>\n",
       "      <td>0.36</td>\n",
       "      <td>0.6</td>\n",
       "      <td>0.400000</td>\n",
       "      <td>-0.65</td>\n",
       "      <td>-0.08</td>\n",
       "      <td>-0.35</td>\n",
       "    </tr>\n",
       "    <tr>\n",
       "      <th>user 2</th>\n",
       "      <td>0.56</td>\n",
       "      <td>0.2</td>\n",
       "      <td>0.400000</td>\n",
       "      <td>-0.15</td>\n",
       "      <td>-0.08</td>\n",
       "      <td>-0.60</td>\n",
       "    </tr>\n",
       "    <tr>\n",
       "      <th>user 3</th>\n",
       "      <td>-0.24</td>\n",
       "      <td>-0.4</td>\n",
       "      <td>-0.600000</td>\n",
       "      <td>0.35</td>\n",
       "      <td>0.52</td>\n",
       "      <td>0.40</td>\n",
       "    </tr>\n",
       "    <tr>\n",
       "      <th>user 4</th>\n",
       "      <td>-0.44</td>\n",
       "      <td>0.0</td>\n",
       "      <td>-0.266667</td>\n",
       "      <td>0.35</td>\n",
       "      <td>-0.48</td>\n",
       "      <td>0.15</td>\n",
       "    </tr>\n",
       "    <tr>\n",
       "      <th>user 5</th>\n",
       "      <td>-0.24</td>\n",
       "      <td>-0.4</td>\n",
       "      <td>0.066667</td>\n",
       "      <td>0.10</td>\n",
       "      <td>0.12</td>\n",
       "      <td>0.40</td>\n",
       "    </tr>\n",
       "  </tbody>\n",
       "</table>\n",
       "</div>"
      ],
      "text/plain": [
       "        action1  action2   action3  romantic1  romantic2  romantic3\n",
       "user 1     0.36      0.6  0.400000      -0.65      -0.08      -0.35\n",
       "user 2     0.56      0.2  0.400000      -0.15      -0.08      -0.60\n",
       "user 3    -0.24     -0.4 -0.600000       0.35       0.52       0.40\n",
       "user 4    -0.44      0.0 -0.266667       0.35      -0.48       0.15\n",
       "user 5    -0.24     -0.4  0.066667       0.10       0.12       0.40"
      ]
     },
     "execution_count": 30,
     "metadata": {},
     "output_type": "execute_result"
    }
   ],
   "source": [
    "def standardize(row):\n",
    "    new_row=((row- row.mean())/(row.max()-row.min()))\n",
    "    return new_row\n",
    "ratings_std= ratings.apply(standardize)\n",
    "ratings_std"
   ]
  },
  {
   "cell_type": "code",
   "execution_count": 20,
   "id": "0b892b05",
   "metadata": {},
   "outputs": [
    {
     "name": "stdout",
     "output_type": "stream",
     "text": [
      "[[ 1.          0.76409098 -0.83718317 -0.57786068 -0.7361606 ]\n",
      " [ 0.76409098  1.         -0.78062564 -0.60148288 -0.74685173]\n",
      " [-0.83718317 -0.78062564  1.          0.23334449  0.64173153]\n",
      " [-0.57786068 -0.60148288  0.23334449  1.          0.24550092]\n",
      " [-0.7361606  -0.74685173  0.64173153  0.24550092  1.        ]]\n"
     ]
    }
   ],
   "source": [
    "item_similarity = cosine_similarity(ratings_std)\n",
    "print(item_similarity)"
   ]
  },
  {
   "cell_type": "code",
   "execution_count": 31,
   "id": "7d12ad05",
   "metadata": {},
   "outputs": [
    {
     "name": "stdout",
     "output_type": "stream",
     "text": [
      "[[ 1.          0.70668875  0.81368151 -0.79941088 -0.02539184 -0.91410609]\n",
      " [ 0.70668875  1.          0.72310153 -0.84515425 -0.5189993  -0.84337386]\n",
      " [ 0.81368151  0.72310153  1.         -0.84794611 -0.3799803  -0.80218063]\n",
      " [-0.79941088 -0.84515425 -0.84794611  1.          0.14803913  0.72374686]\n",
      " [-0.02539184 -0.5189993  -0.3799803   0.14803913  1.          0.39393939]\n",
      " [-0.91410609 -0.84337386 -0.80218063  0.72374686  0.39393939  1.        ]]\n"
     ]
    }
   ],
   "source": [
    "iitem_similarity = cosine_similarity(ratings_std.T)\n",
    "print(iitem_similarity)"
   ]
  },
  {
   "cell_type": "code",
   "execution_count": 34,
   "id": "88f982cb",
   "metadata": {},
   "outputs": [
    {
     "data": {
      "text/html": [
       "<div>\n",
       "<style scoped>\n",
       "    .dataframe tbody tr th:only-of-type {\n",
       "        vertical-align: middle;\n",
       "    }\n",
       "\n",
       "    .dataframe tbody tr th {\n",
       "        vertical-align: top;\n",
       "    }\n",
       "\n",
       "    .dataframe thead th {\n",
       "        text-align: right;\n",
       "    }\n",
       "</style>\n",
       "<table border=\"1\" class=\"dataframe\">\n",
       "  <thead>\n",
       "    <tr style=\"text-align: right;\">\n",
       "      <th></th>\n",
       "      <th>action1</th>\n",
       "      <th>action2</th>\n",
       "      <th>action3</th>\n",
       "      <th>romantic1</th>\n",
       "      <th>romantic2</th>\n",
       "      <th>romantic3</th>\n",
       "    </tr>\n",
       "  </thead>\n",
       "  <tbody>\n",
       "    <tr>\n",
       "      <th>action1</th>\n",
       "      <td>1.000000</td>\n",
       "      <td>0.706689</td>\n",
       "      <td>0.813682</td>\n",
       "      <td>-0.799411</td>\n",
       "      <td>-0.025392</td>\n",
       "      <td>-0.914106</td>\n",
       "    </tr>\n",
       "    <tr>\n",
       "      <th>action2</th>\n",
       "      <td>0.706689</td>\n",
       "      <td>1.000000</td>\n",
       "      <td>0.723102</td>\n",
       "      <td>-0.845154</td>\n",
       "      <td>-0.518999</td>\n",
       "      <td>-0.843374</td>\n",
       "    </tr>\n",
       "    <tr>\n",
       "      <th>action3</th>\n",
       "      <td>0.813682</td>\n",
       "      <td>0.723102</td>\n",
       "      <td>1.000000</td>\n",
       "      <td>-0.847946</td>\n",
       "      <td>-0.379980</td>\n",
       "      <td>-0.802181</td>\n",
       "    </tr>\n",
       "    <tr>\n",
       "      <th>romantic1</th>\n",
       "      <td>-0.799411</td>\n",
       "      <td>-0.845154</td>\n",
       "      <td>-0.847946</td>\n",
       "      <td>1.000000</td>\n",
       "      <td>0.148039</td>\n",
       "      <td>0.723747</td>\n",
       "    </tr>\n",
       "    <tr>\n",
       "      <th>romantic2</th>\n",
       "      <td>-0.025392</td>\n",
       "      <td>-0.518999</td>\n",
       "      <td>-0.379980</td>\n",
       "      <td>0.148039</td>\n",
       "      <td>1.000000</td>\n",
       "      <td>0.393939</td>\n",
       "    </tr>\n",
       "    <tr>\n",
       "      <th>romantic3</th>\n",
       "      <td>-0.914106</td>\n",
       "      <td>-0.843374</td>\n",
       "      <td>-0.802181</td>\n",
       "      <td>0.723747</td>\n",
       "      <td>0.393939</td>\n",
       "      <td>1.000000</td>\n",
       "    </tr>\n",
       "  </tbody>\n",
       "</table>\n",
       "</div>"
      ],
      "text/plain": [
       "            action1   action2   action3  romantic1  romantic2  romantic3\n",
       "action1    1.000000  0.706689  0.813682  -0.799411  -0.025392  -0.914106\n",
       "action2    0.706689  1.000000  0.723102  -0.845154  -0.518999  -0.843374\n",
       "action3    0.813682  0.723102  1.000000  -0.847946  -0.379980  -0.802181\n",
       "romantic1 -0.799411 -0.845154 -0.847946   1.000000   0.148039   0.723747\n",
       "romantic2 -0.025392 -0.518999 -0.379980   0.148039   1.000000   0.393939\n",
       "romantic3 -0.914106 -0.843374 -0.802181   0.723747   0.393939   1.000000"
      ]
     },
     "execution_count": 34,
     "metadata": {},
     "output_type": "execute_result"
    }
   ],
   "source": [
    "itemsimilaritydf=pd.DataFrame(iitem_similarity,\n",
    "                              index=ratings.columns,\n",
    "                              columns=ratings.columns)\n",
    "itemsimilaritydf\n"
   ]
  },
  {
   "cell_type": "code",
   "execution_count": 36,
   "id": "a3ba353a",
   "metadata": {},
   "outputs": [
    {
     "data": {
      "text/html": [
       "<div>\n",
       "<style scoped>\n",
       "    .dataframe tbody tr th:only-of-type {\n",
       "        vertical-align: middle;\n",
       "    }\n",
       "\n",
       "    .dataframe tbody tr th {\n",
       "        vertical-align: top;\n",
       "    }\n",
       "\n",
       "    .dataframe thead th {\n",
       "        text-align: right;\n",
       "    }\n",
       "</style>\n",
       "<table border=\"1\" class=\"dataframe\">\n",
       "  <thead>\n",
       "    <tr style=\"text-align: right;\">\n",
       "      <th></th>\n",
       "      <th>user 1</th>\n",
       "      <th>user 2</th>\n",
       "      <th>user 3</th>\n",
       "      <th>user 4</th>\n",
       "      <th>user 5</th>\n",
       "    </tr>\n",
       "  </thead>\n",
       "  <tbody>\n",
       "    <tr>\n",
       "      <th>user 1</th>\n",
       "      <td>1.000000</td>\n",
       "      <td>0.764091</td>\n",
       "      <td>-0.837183</td>\n",
       "      <td>-0.577861</td>\n",
       "      <td>-0.736161</td>\n",
       "    </tr>\n",
       "    <tr>\n",
       "      <th>user 2</th>\n",
       "      <td>0.764091</td>\n",
       "      <td>1.000000</td>\n",
       "      <td>-0.780626</td>\n",
       "      <td>-0.601483</td>\n",
       "      <td>-0.746852</td>\n",
       "    </tr>\n",
       "    <tr>\n",
       "      <th>user 3</th>\n",
       "      <td>-0.837183</td>\n",
       "      <td>-0.780626</td>\n",
       "      <td>1.000000</td>\n",
       "      <td>0.233344</td>\n",
       "      <td>0.641732</td>\n",
       "    </tr>\n",
       "    <tr>\n",
       "      <th>user 4</th>\n",
       "      <td>-0.577861</td>\n",
       "      <td>-0.601483</td>\n",
       "      <td>0.233344</td>\n",
       "      <td>1.000000</td>\n",
       "      <td>0.245501</td>\n",
       "    </tr>\n",
       "    <tr>\n",
       "      <th>user 5</th>\n",
       "      <td>-0.736161</td>\n",
       "      <td>-0.746852</td>\n",
       "      <td>0.641732</td>\n",
       "      <td>0.245501</td>\n",
       "      <td>1.000000</td>\n",
       "    </tr>\n",
       "  </tbody>\n",
       "</table>\n",
       "</div>"
      ],
      "text/plain": [
       "          user 1    user 2    user 3    user 4    user 5\n",
       "user 1  1.000000  0.764091 -0.837183 -0.577861 -0.736161\n",
       "user 2  0.764091  1.000000 -0.780626 -0.601483 -0.746852\n",
       "user 3 -0.837183 -0.780626  1.000000  0.233344  0.641732\n",
       "user 4 -0.577861 -0.601483  0.233344  1.000000  0.245501\n",
       "user 5 -0.736161 -0.746852  0.641732  0.245501  1.000000"
      ]
     },
     "execution_count": 36,
     "metadata": {},
     "output_type": "execute_result"
    }
   ],
   "source": [
    "iitemsimilaritydf=pd.DataFrame(item_similarity,\n",
    "                              index=ratings.index,\n",
    "                              columns=ratings.index)\n",
    "iitemsimilaritydf\n",
    "\n"
   ]
  },
  {
   "cell_type": "code",
   "execution_count": 44,
   "id": "311a8d5e",
   "metadata": {},
   "outputs": [
    {
     "name": "stdout",
     "output_type": "stream",
     "text": [
      "action3      0.423973\n",
      "action2      0.422577\n",
      "action1      0.399705\n",
      "romantic2   -0.074020\n",
      "romantic3   -0.361873\n",
      "romantic1   -0.500000\n",
      "Name: romantic1, dtype: float64\n"
     ]
    }
   ],
   "source": [
    "def get_similar_movies(movie_name,user_rating):\n",
    "    similar_score = itemsimilaritydf[movie_name]*(user_rating-2.5)\n",
    "    similar_score= similar_score.sort_values(ascending=False)\n",
    "    \n",
    "    return similar_score\n",
    "print(get_similar_movies(\"romantic1\",2))"
   ]
  },
  {
   "cell_type": "code",
   "execution_count": 53,
   "id": "30e62765",
   "metadata": {},
   "outputs": [
    {
     "data": {
      "text/plain": [
       "action1      2.969749\n",
       "action3      2.625284\n",
       "action2      2.447908\n",
       "romantic2   -0.760449\n",
       "romantic1   -2.434420\n",
       "romantic3   -2.982235\n",
       "dtype: float64"
      ]
     },
     "execution_count": 53,
     "metadata": {},
     "output_type": "execute_result"
    }
   ],
   "source": [
    "action_lover=[(\"action1\",5),(\"romantic2\",2),(\"romantic3\",2)]\n",
    "\n",
    "similar_movies=pd.DataFrame()\n",
    "\n",
    "for move,rati in action_lover:\n",
    "    similar_movies=similar_movies.append(\n",
    "        get_similar_movies(move,rati),ignore_index=True)\n",
    "similar_movies.head()\n",
    "similar_movies.sum().sort_values(ascending=False)"
   ]
  },
  {
   "cell_type": "code",
   "execution_count": null,
   "id": "c1142513",
   "metadata": {},
   "outputs": [],
   "source": []
  }
 ],
 "metadata": {
  "kernelspec": {
   "display_name": "Python 3 (ipykernel)",
   "language": "python",
   "name": "python3"
  },
  "language_info": {
   "codemirror_mode": {
    "name": "ipython",
    "version": 3
   },
   "file_extension": ".py",
   "mimetype": "text/x-python",
   "name": "python",
   "nbconvert_exporter": "python",
   "pygments_lexer": "ipython3",
   "version": "3.9.7"
  }
 },
 "nbformat": 4,
 "nbformat_minor": 5
}
